0.5376671395461
1.83388501459509
-2.25884686100365
0.862173320368121
0.318765239858981
-1.30768829630527
-0.433592022305684
0.34262446653865
3.57839693972576
2.76943702988488
-1.34988694015652
3.03492346633185
0.725404224946106
-0.0630548731896562
0.714742903826096
-0.204966058299775
-0.124144348216312
1.48969760778546
1.40903448980048
1.41719241342961
0.67149713360808
-1.20748692268504
0.717238651328838
1.63023528916473
0.488893770311789
1.03469300991786
0.726885133383238
-0.303440924786016
0.293871467096658
-0.787282803758638
0.888395631757642
-1.14707010696915
-1.06887045816803
-0.809498694424876
-2.9442841619949
1.4383802928151
0.325190539456198
-0.754928319169703
1.37029854009523
-1.7115164188537
-0.102242446085491
-0.241447041607358
0.319206739165502
0.312858596637428
-0.864879917324456
-0.0300512961962686
-0.164879019209038
0.627707287528727
1.09326566903948
1.1092732976144
-0.863652821988714
0.0773590911304249
-1.21411704361541
-1.11350074148676
-0.00684932810334806
1.53263030828475
-0.769665913753682
0.371378812760058
-0.225584402271252
1.11735613881447
-1.08906429505224
0.0325574641649735
0.552527021112224
1.10061021788087
1.54421189550395
0.0859311331754255
-1.49159031063761
-0.742301837259857
-1.06158173331999
2.35045722400204
-0.615601881466894
0.748076783703985
-0.192418510588264
0.888610425420721
-0.764849236567874
-1.40226896933876
-1.4223759250915
0.488193909859941
-0.177375156618825
-0.196053487807333
1.41931015064255
0.291584373984183
0.197811053464361
1.58769908997406
-0.804465956349547
0.696624415849607
0.835088165072682
-0.243715140377952
0.215670086403744
-1.16584393148205
-1.14795277889859
0.104874716016494
0.722254032225002
2.58549125261624
-0.666890670701386
0.18733102457894
-0.0824944253709554
-1.93302291785099
-0.438966153934773
-1.79467884145512
0.840375529753905
-0.88803208232901
0.100092833139322
-0.544528929990548
0.303520794649354
-0.600326562133734
0.489965321173948
0.739363123604474
1.71188778298155
-0.194123535758265
-2.13835526943994
-0.839588747336614
1.35459432800464
-1.07215528838425
0.960953869740567
0.124049800003193
1.43669662271894
-1.96089999936503
-0.19769822597415
-1.2078454852598
2.90800803072936
0.825218894228491
1.37897197791661
-1.05818025798736
-0.468615581100624
-0.272469409250187
1.09842461788862
-0.277871932787639
0.701541458163284
-2.05181629991115
-0.353849997774433
-0.823586525156853
-1.5770570227992
0.507974650905946
0.281984063670556
0.0334798822444514
-1.33367794342811
1.12749227834159
0.350179410603312
-0.299066030332982
0.0228897927516298
-0.261995434966092
-1.75021236844679
-0.28565097159533
-0.831366511567624
-0.979206305167302
-1.156401655664
-0.533557109315987
-2.00263573588306
0.964229422631627
0.520060101455458
-0.0200278516425381
-0.034771086028483
-0.798163584564142
1.01868528212858
-0.133217479507735
-0.714530163787158
1.35138576842666
-0.224771056052584
-0.589029030720801
-0.293753597735416
-0.847926243637934
-1.12012830124373
2.52599969211831
1.65549759288735
0.307535159238252
-1.25711835935205
-0.865468030554804
-0.176534114231451
0.791416061628634
-1.33200442131525
-2.32986715580508
-1.44909729283874
0.333510833065806
0.391353604432901
0.451679418928238
-0.130284653145721
0.183689095861942
-0.476153016619074
0.862021611556922
-1.36169447087075
0.455029556444334
-0.848709379933659
-0.334886938964048
0.55278334594455
1.03909065350496
-1.11763868326521
1.2606587091209
0.660143141046978
-0.0678655535426873
-0.195221197898754
-0.217606350143192
-0.303107621351741
0.0230456244251053
0.0512903558487747
0.826062790211595
1.52697668673337
0.4669144356847
-0.209713338388737
0.625190357087626
0.183227263001437
-1.02976754356662
0.949221831131023
0.307061919146703
0.135174942099456
0.515246335524849
0.261406324055383
-0.941485770955434
-0.162337672803828
-0.146054634331526
-0.532011376808821
1.68210359466318
-0.875729346160017
-0.483815050110121
-0.712004549027422
-1.17421233145682
-0.192239517539275
-0.274070229932602
1.5300725144241
-0.249024742513714
-1.06421341288933
1.60345729812004
1.23467914689078
-0.22962645096318
-1.50615970397972
-0.444627816446985
-0.155941035724769
0.276068253931536
-0.261163645776479
0.443421912904091
0.391894209432449
-1.25067890682641
-0.947960922331432
-0.741106093940411
-0.507817550278174
-0.320575506600239
0.012469041361618
-3.02917734140415
-0.457014640871583
1.24244840639074
-1.06670139898475
0.933728162671238
0.350321001356112
-0.0290057637087263
0.182452167505983
-1.56505601415073
-0.0845394798177242
1.60394635060288
0.098347774640108
0.0413736134896147
-0.734169112696739
-0.03081373001232
0.232347012624477
0.426387557408945
-0.372808741723504
-0.236454583757186
2.02369088660305
-2.25835397049619
2.2294456804569
0.337563700613106
1.00006081958912
-1.66416447498706
-0.590034564205221
-0.278064163765309
0.422715691220478
-1.67020069785047
0.471634326416303
-1.21284719967446
0.0661900484246114
0.652355888661374
0.327059967177088
1.08263350423676
1.00607711081905
-0.650907736597753
0.257056157433969
-0.944377806404219
-1.32178852139256
0.924825933493706
4.98490752508133e-05
-0.0549189146094067
0.91112726565386
0.594583697409052
0.350201173874535
1.250251228305
0.929789458557716
0.23976325705858
-0.690361103111226
-0.651553641750281
1.19210187053127
-1.61183038867781
-0.0244619366359185
-1.9488471768989
1.02049801445265
0.861716302393418
0.00116208348351385
-0.0708372131604802
-2.48628392070328
0.581172322675923
-2.1924349199659
-2.3192803066433
0.0799337102984397
-0.948480983570505
0.411490621423374
0.67697780568403
0.857732545205355
-0.691159125382991
0.449377623166851
0.100633350315076
0.826069998469923
0.536157079925919
0.897888425985076
-0.131937867924581
-0.147201456151267
1.00777340530544
-2.12365546241575
-0.50458640551401
-1.27059444980866
-0.382584802707648
0.648679262048621
0.825727149241758
-1.01494364268014
-0.471069912683167
0.13702487413005
-0.291863375753573
0.301818555261006
0.399930942955802
-0.929961558940129
-0.176830265929232
-2.13209459916153
1.14536171051847
-0.629090760994156
-1.20384997400222
-0.253944683422812
-1.4286468646321
-0.0208576177016003
-0.560664996528185
2.17777870918415
1.1384653873296
-2.4968865031845
0.441326931727609
-1.39813787581107
-0.255055179880806
0.164404073318729
0.747734028808123
-0.273046949402907
1.57630014654608
-0.480937151778845
0.327512120829686
0.664734120627595
0.0851885927211602
0.880952785381048
0.323213137847597
-0.784146183664088
-1.80537335138609
1.85859294855571
-0.604530088774459
0.103359722310648
0.563166955145978
0.113596996734002
-0.904726212798032
-0.467714582451856
-0.124889947223107
1.47895849150403
-0.860815690006961
0.784668467287821
0.30862313994853
-0.233860042129153
-1.05697274596013
-0.284140954626164
-0.0866902824593051
-1.46939507448636
0.192182244870785
-0.822293276290175
-0.0942405879597235
0.33621334095424
-0.904654059246837
-0.288256361205696
0.350062757534178
-1.8358591425043
1.03597590824548
2.42446114493936
0.959400509407975
-0.315771995009409
0.428622679859396
-1.03598477851339
1.87786546049586
0.940704403352132
0.787345779935246
-0.875874261956672
0.319949134382331
-0.558294284850904
-0.311429418546895
-0.570009916642186
-1.02573361562871
-0.908745586874325
-0.209897334055591
-1.69886408417261
0.607600575846084
-0.117798289267962
0.699160333644167
0.269648641716598
0.494287055379411
-1.4831210225159
-1.02026438568297
-0.446995010744528
0.109658591327603
1.12873645202828
-0.289963040800028
1.26155071814115
0.475424811707271
1.17411675149371
0.126947068043646
-0.656815928948082
-1.48139907157878
0.155488995903894
0.818551368521001
-0.292588130834394
-0.540786416488526
-0.308641815280113
-1.09659330152547
-0.493009815316451
-0.180739356415037
0.045841105713705
-0.0637831200223326
0.611335194065236
0.10931769377487
1.81401545028038
0.312023828329274
1.80449377172419
-0.723121479570418
0.526547037749559
-0.260250861706117
0.60014250880863
0.593930795648753
-2.18602161274824
-1.32704314952029
-1.44101359763891
0.401844497039815
1.47020128084852
-0.326814228785906
0.812323004640796
0.545540103526116
-1.05163230952085
0.397466995795309
-0.751894738681892
1.51626689664595
-0.0325665091944807
1.63599965727829
-0.425058490610031
0.589433366718221
-0.062791225718325
-2.02195893005179
-0.982131525779048
0.612511298166949
-0.0548861299886774
-1.11873200245272
-0.626378538867139
0.249517740562795
-0.993019006549601
0.974950224811312
-0.640709506726058
1.80886262051925
-1.07986625073883
0.199189444075264
-1.52102656176895
-0.723631125289073
-0.593250315010804
0.401336339818801
0.942133319236942
0.30048596759573
-0.373070658631004
0.815488508092498
0.798886992156716
0.120205281956355
0.571247629714476
0.412796010311392
-0.986961883351522
0.759568325914783
-0.65720129909835
-0.603918481376169
0.176946822329411
-0.307503469862751
-0.131820352915894
0.595357673884102
1.04683278430523
-0.197958632611842
0.327678163907201
-0.238301504589733
0.229596893220314
0.439997904822629
-0.616865928889227
0.274836786911666
0.601102032468295
0.0923079512389623
1.72984139157236
-0.608557444738319
-0.737059771697805
-1.74987930638763
0.910482579647112
0.867082552947325
-0.0798928390580371
0.898475989377142
0.183703423091249
0.290790134884454
0.112944717021051
0.43995218887244
0.101662443700341
2.78733522781344
-1.16666503019464
-1.85429908268969
-1.14068114466963
-1.0933434562396
-0.433609296474824
-0.168469878275448
-0.218533560026581
0.541334435719376
0.389266203843264
0.751228984688333
1.778255899291
1.22306255173381
-1.28325610460477
-2.32895451628334
0.901931466951714
-1.83563868373519
0.0667569114368658
0.035479485837577
2.22716807816787
-0.0692142540220484
-0.507323064614498
0.235809672576244
0.245804851893843
0.0700452094168079
-0.608580510079949
-1.22259338018663
0.316500360797716
-1.34286923662193
-1.03218434407217
1.33121588506497
-0.418903195029849
-0.140321722056366
0.899822328897223
-0.300111005615676
1.0293657121031
-0.345065971567321
1.01280186426298
0.629334584931419
-0.213015082641055
-0.865697308360524
-1.04310830133763
-0.270068812648099
-0.438141355602144
-0.408674314796326
0.983545235205556
-0.297697144009373
1.14367891077096
-0.531620117507069
0.972565728008653
-0.522250484993549
0.176577794642316
0.970737823554689
-0.41397227497423
-0.438270518204902
2.00339061086226
0.950993499549085
-0.43200384372778
0.648940737363587
-0.360076301153972
0.705885019349416
1.41584906843659
-1.60451566859706
1.02885306900203
1.45796778066199
0.0474713232748285
1.74625671011842
0.155387514201181
-1.23711968466263
-2.19349427883461
-0.333407067263733
0.713543302564059
0.317407733234497
0.41361039029313
-0.57708558363794
0.144001801404465
-1.63866572993389
-0.760089998635267
-0.818793096250257
0.519728888133619
-0.0141600590972047
-1.15552936828724
-0.00952491609816556
-0.68981053763171
-0.666699153601164
0.864149421165126
0.113419436226868
0.398362846165994
0.883969890234671
0.180257693987047
0.55085452205747
0.682964276111937
1.1706086600356
0.475860587278343
1.4122326864445
0.0226084843095981
-0.0478694102202059
1.70133465427496
-0.509711712767427
-0.00285496014432121
0.919867079806395
0.149808732632761
1.40493344567698
1.03412153956971
0.291570288770806
-0.777698538311603
0.566696097539305
-1.38262115948035
0.244474675589888
0.808438803167691
0.213041698417
0.879677164233489
2.03887625141404
0.923932448688937
0.266917446595828
0.641661506421779
0.425485355625296
-1.31472350348688
-0.416411219699434
1.22468782478534
-0.0435842055463326
0.582423277447969
-1.00650007461934
0.0645167423111044
0.600291949185784
-1.36151495486457
0.347592631960065
-0.181843218459334
-0.939534765941492
-0.0375331888191716
-1.89630449362245
-2.12797676818267
-1.17692333071496
-0.990532220484176
-1.17303232726741
-1.72542778952869
0.288228089665011
-1.59418372026681
0.110218849223381
0.78706667635798
-0.00222678631383613
0.0931087600588035
-0.378157056589758
-1.482676111059
-0.0438185853582948
0.960825211682115
1.73824493261334
-0.4302062424261
-1.62732273646978
0.166347492460066
0.376265910450719
-0.226950464706233
-1.14891228961879
2.02433259954387
-2.35952351095849
-0.509972045799939
-1.3216255908101
-0.636128249660041
0.317851419059697
0.138047974449526
-0.710735074811226
0.777003526719788
0.622393924172013
0.647380884516047
-0.425631681660351
1.04858076053644
0.660707086367175
2.50877247318511
1.06345963904102
1.15692165332739
0.0529788273256128
-1.28838600294029
-0.371221247497632
-0.757791916498819
-0.563968917027427
0.555138560001846
-0.556778063950366
-0.895113135482436
-0.40932772163407
-0.160886766738443
0.409334430455455
-0.952635997119977
0.317317472324612
0.0780200809780775
1.32438544916022
-0.213170486421586
-0.134478644555426
-1.1713558179203
-1.38526268319524
0.310508318600499
-0.249489064473939
0.503744055737328
-0.892661403477038
1.90851233035822
0.122230700504887
1.04703326689793
-0.226920199323937
-0.162501941548495
0.690051897857806
0.555756771412105
-1.12025500148841
-1.53269301392951
-1.09786776954067
-1.41577332156794
0.0595705885660458
-0.41125092553222
-0.368010733040955
-1.36096312939369
0.779567428734972
0.439411111553712
-0.0896224837412097
1.02118011801418
-0.873979465028903
0.414700293047627
0.348441199952281
0.349254416663714
-0.729247267629503
0.326840248762991
-0.514881632926476
-0.896446150502486
-1.20326818641502
1.03781563948524
-0.845944212336118
-0.172913844259168
-1.2086520547402
-0.297126799995404
-3.23203779594001
-1.08695922946133
-1.42643615947972
-1.01445076770532
-0.213267188307358
-0.325347780360491
1.94439779196628
-0.571773218349456
-0.250032278035044
-1.5693154703407
-0.477382663694067
-1.33797665356226
0.0302990237881831
0.853086767518578
0.40425346510936
-0.700620213418205
-1.63054289274725
1.46001318514265
2.05004273293787
0.120500599699389
-0.989901604221187
1.19777147431488
-0.592656218169254
-0.469809363224454
0.886377377072694
-1.38521980111084
-1.95675395423192
0.42068370020125
0.400737998146962
0.0951421578641687
0.49668439163653
1.0822405961607
0.970447788354572
-0.568569570389605
0.809972073318538
0.173247371832088
-0.505542568515379
-1.1933057908902
0.64697093888115
-0.353622599299341
0.046434526687823
-0.792947502201808
-1.55051447477956
0.171586355268628
-0.0621391248043618
1.19902787729197
0.801704070327277
1.05330457914955
-0.748876752543159
-0.93632649711602
-1.26908677286849
0.497980623046732
2.78908112764392
0.727572036915723
-0.773064102152237
0.836633754476153
-1.1283303100836
-1.42447009141638
0.717442315507358
-0.777905520185398
0.315985880708604
1.40653513807679
0.401124635731864
0.929660284419656
-1.60580220462075
0.661536244123409
2.13850225382851
0.541139413417131
-1.54087718185788
-0.203142794821834
-0.499965221779343
0.383023912780829
0.41203537811175
0.40549255051644
-0.363780750881015
-0.599272040041946
-0.589588991418034
0.853540834064481
-1.8530080714196
-0.207303159647625
0.270378202689916
-0.652771012058928
0.477227285007673
-0.071319650027454
-0.938301288268817
0.161363534650636
-0.268182881913388
-0.409872647756742
-0.711322710526139
0.0614454835840975
-1.84612923609859
-0.398333119478132
-0.543548121612387
-0.911898504288659
0.652698590995241
-0.734271258590912
0.540633089814446
0.975840884581828
-0.156870414727051
0.277799321723375
0.639517303110873
-0.0809780150606096
0.540870143763935
-1.26256484462796
1.11042384067016
-0.989562679068363
-1.82883593420384
1.38449851135426
-0.0627267940412559
0.44892112001917
-0.363258472467672
-1.02058339313102
-3.07298853928707
0.626278997699139
-0.286684533211225
-0.197342906850919
0.405605372640549
-1.41934846053479
-0.729445237982781
1.14732784158513
0.597864632881486
-1.28128125909253
-2.2032642421699
-0.571246319791095
0.213996478716457
0.942376933302384
0.0937254906669184
-1.12231172152804
0.306157818568223
-1.17233486755329
-0.960966563537669
-0.653735016358028
-1.22939364899916
-0.270965129963311
-0.899950067342813
-0.285686137601834
-0.462421544353747
-0.409785214740165
-0.503538984131873
1.23329711264414
0.61030521757395
0.0590721550526544
-1.46694673042825
-1.62580326639623
-1.96475241539089
2.60519575087392
0.972374811203577
0.25698096970426
-0.974240459346947
-1.14636438588742
0.547639504480465
1.56508398508243
-1.69334366132081
-0.44939735986025
-0.0842920727534208
-1.99199717760327
0.841245666352581
-0.414658917455485
1.91218083836386
-0.390898732233772
0.409182082547355
-1.14242816812144
-0.624863775636728
-1.16872284991455
0.392575281297536
1.30183950434961
-0.593641761840396
0.436375391562132
-0.50436248052581
0.102107713303418
1.19625054082237
0.12028281636165
-1.03684339707676
-0.857103238887738
-0.169874304044058
-0.191668280046305
-0.865815207739937
0.180664133586186
1.26652847557265
-0.251169287438378
-0.204570050663136
-2.20152190603627
-0.774513104760749
-1.39327258405515
-0.386234650983645
0.525586350117865
1.5232692753906
1.79849445190826
-0.116884266969787
-0.32019618688563
0.817516283237215
0.490159188823982
0.765251160015635
0.778279045311317
-1.48030517341863
0.540363959609767
-0.0915390218682469
-0.760252376958568
-0.693595443143502
1.28145775266336
-0.809737610765752
-1.23681835282285
0.214686448131779
2.01077176753361
0.0255544334123088
0.308299436246859
-0.938247210627779
1.67421595177913
0.124988173845023
0.530101256550695
-0.952068223401487
0.854042818220478
0.389145734517764
-1.1560010849517
0.0397401269892484
-0.450598603707587
0.109247941665665
-0.250552842446154
-0.189901654648676
-1.03291351430084
-0.323291921419398
0.766526854105447
1.74467317966905
-1.16051992616979
2.37741185238417
1.52607796250707
0.168507500217456
-0.301206529323699
-0.698654270705207
0.832770575778025
-0.694605254222804
-0.461882993134125
0.883617136720828
0.435944182163725
0.896747363054463
0.504732027944892
-0.400897135515841
-0.513848012099214
0.796367596233901
-0.671190164007305
1.18665904286638
0.790701970703587
0.287721494673668
0.00322611456308685
0.365617187472922
3.52667781833885
-0.112436662512024
-1.55659393493828
1.91510229545677
0.60984605323831
-0.647911623091645
2.61733491205073
0.550950420745412
0.294203684446698
-0.777843798253388
-1.06493009609004
-1.76841403231106
-0.42291953589843
-1.05310242919018
0.647755244971729
-0.317628188513512
1.76899156918657
1.51058239519276
0.164010316907443
-0.282763714505208
1.15216580794839
-1.1465076321167
