6.29447372786358
8.11583874151238
-7.46026367412988
8.26751712278039
2.64718492450819
-8.04919190001181
-4.43003562265903
0.937630384099677
9.15013670868595
9.29777070398553
-6.84773836644903
9.41185563521231
9.14333896485891
-0.292487025543176
6.005609377776
-7.16227322745569
-1.5647743474745
8.31471050378134
5.84414659119109
9.18984852785806
3.11481398313174
-9.28576642851621
6.98258611737554
8.67986495515101
3.57470309715547
5.15480261156667
4.86264936249832
-2.15545960931664
3.10955780355113
-6.57626624376876
4.12092176039218
-9.36334307245159
-4.4615403007822
-9.07657218737692
-8.05736437528305
6.46915656654585
3.89657245951634
-3.65801039878279
9.0044409767671
-9.31107838994182
-1.22511280687204
-2.36883085813983
5.31033576298005
5.90399802274126
-6.26254790891243
-0.204712084235378
-1.08827598578201
2.92626020222529
4.18729661716145
5.09373363964722
-4.47949846002843
3.5940535370735
3.10196007947681
-6.74776529610739
-7.62004636883247
-0.0327189603571405
9.19487917032162
-3.19228546667734
1.70535501959555
-5.52376121017726
5.02534118611306
-4.89809769081462
0.119141033302848
3.98153445313372
7.81806505071597
9.18582850410889
0.944310599276061
-7.22751114342642
-7.01411988881885
-4.84983491752527
6.81434511967325
-4.91435642056938
6.28569652137633
-5.12950062550021
8.58527246374456
-3.00032468030382
-6.06809499137584
-4.97832284047938
2.32089352293278
-0.534223021945415
-2.96680985874007
6.61657255792582
1.70528182305448
0.99447216582279
8.3438732765962
-4.28321962359253
5.14400458221442
5.07458188556991
-2.39108306049287
1.35643281450442
-8.48291420873873
-8.92099762666786
0.615951060179453
5.58334460204022
8.68021368458366
-7.4018758305254
1.37647321744385
-0.612187178835883
-9.76195860997517
-3.25754711202237
-6.75635383613514
5.88569081367814
-3.7756991591039
0.570662710124255
-6.68702541000438
2.03963882803273
-4.74057430919711
3.08158196953564
3.78429006280015
4.96303185647419
-0.989168029950045
-8.32357244006135
-5.42046062566362
8.26674723003339
-6.95243962061554
6.51633954979095
0.766848705201141
9.92269433253771
-8.43648942493633
-1.14643460449107
-7.86694459638831
9.23796161710107
-9.90731551731865
5.49820929423005
6.34606441306866
7.37389410727019
-8.31128308978179
-2.00434701802207
-4.80259194298692
6.00136960448615
-1.37172345072911
8.21295188859046
-6.36305943394295
-4.7239416695602
-7.08922039230566
-7.27862882582673
7.38584415280179
1.5940917473114
0.997204036726639
-7.10090403552546
7.06062235443788
2.44110262970132
-2.98095238215458
0.264990797341067
-1.96383932496117
-8.48066616618316
-5.20167692892684
-7.53362130329669
-6.32184423435167
-5.20094948670194
-1.65465861831261
-9.00691139348516
8.05432219830562
8.89574379443292
-0.182718150638401
-0.214947231999624
-3.24561180357246
8.00107692835324
-2.6150643775957
-7.77594489412425
5.60504136642276
-2.20522326077493
-5.16617428172335
-1.9217570882377
-8.07090949663223
-7.3605341478733
8.8410118155097
9.12269080459605
1.50417190156931
-8.80440914105688
-5.30440173255187
-2.93682857555858
6.42388080395918
-9.6919312469689
-9.13952396684384
-6.62019941074591
2.98230949912904
4.63444771317341
2.95491926272613
-0.981525871381102
0.9401778457269
-4.07358388784454
4.89385614148312
-6.22089969934911
3.7355086673063
-6.32977688525461
-2.63030807019327
2.51237121459381
5.60454870302754
-8.37748462268429
8.5877194193746
5.51425357216805
-0.264167351936553
-1.28282822838162
-1.06432501140388
-3.87301055966885
0.17017310762254
0.215431283442193
6.35255416644524
5.89662833766906
2.88636260387383
-2.42781234679463
6.23160916564954
0.656511775989097
-2.98545792846233
8.78003123999774
7.51885622985968
1.00312685796844
2.44950172002455
1.74089409062834
-5.84515414533943
-3.97507339441019
-0.581533029648186
-5.39023679576883
6.88617585390778
-6.10471420865901
-5.48156438055202
-6.58583905704283
-5.44671404366893
-1.28602631792202
-3.77795426699174
8.46759284206488
-1.39585217340832
-6.30367359751728
8.09761937359786
9.5949675671217
-1.22260053747794
-7.77761553118802
-4.83870608175866
-1.82560307774896
1.89792148017229
-4.75576504438309
2.05686178764166
4.22431560867366
-5.5650653196552
-7.65164698288388
-4.06648253563346
-3.62443396148235
-1.51666480572386
0.157165693222364
-8.28968405819912
-4.75035530603335
6.02029245539477
-9.41559444875707
8.57708278956089
4.60661725710906
-0.227820523928417
1.57050122046878
-5.25432840456957
-0.823023436401378
9.26177078573826
0.936114374779359
0.422716616080031
-5.36811226582952
-0.222045121596661
2.48120176347379
3.58271081731495
-2.08969568662814
-2.65126702911047
9.75964006323266
-9.24522267520896
7.70336016404951
8.26573655278478
5.92367747170424
-8.02575442688851
-4.76257632258568
-3.29286320074407
3.59455902754676
-7.26893725289261
4.4245499716348
-7.86476276785517
3.07514697337119
-0.116521267214598
5.5810344646255
4.30074156801388
8.07441121112632
7.81845008661578
-3.31673894525007
3.97491664669589
-6.04380346628142
-9.38918107390727
4.88148520734925
0.000448711804017066
-0.401557177078791
8.09444476134725
2.19733296845117
2.35332779176909
7.18884611292425
6.10978849059371
1.5344303122937
-6.34155061170172
-5.20135978862565
7.73023866152203
-9.42651695071788
-0.201972229755523
-6.64145708635487
9.57361299282318
4.25388943357828
0.00943248309686062
-0.578232509161214
-8.80762264840722
3.63943808298126
-9.15137724998517
-8.57109070798715
0.432996849285674
-8.06539948438266
6.36297107719249
6.35094184158573
4.44879184733685
-7.00269115044066
3.19210505816614
0.371898850210764
9.45949109527725
2.97982985424712
6.00661150704803
-0.92404582546161
-1.35216992433077
6.50627590804091
-8.33060370282172
-7.33657984785677
-6.53222773761989
-2.18124395352529
6.62759485678139
6.06728783204881
-8.79057641660213
-2.01484458772849
0.537516610165918
-1.66401064138426
3.13719781947414
2.55946718380208
-4.1603184007657
-1.36697659502559
-9.69025748727962
9.68127448758307
-6.65663180170688
-7.87567310142672
-2.55180519888926
-6.03763194914051
-0.206247239679522
-3.21013173218485
9.03260929555454
8.40664079673127
-8.94646004638415
4.75716191033993
-4.61761147202888
-1.54328769982384
0.957418024296894
8.85473968553869
-1.64511791366676
9.66104932939712
-3.97090102575869
4.02197511801853
3.32677703168851
0.782529300857133
3.96211040360617
3.33055826805174
-6.43735091199324
-7.43971200559655
9.98160789522721
-6.57757867287136
-9.34798358938944
1.2239958541932
7.6373300090362
3.38350609068788
-6.19133465640092
-2.6216690787221
-0.785481254791769
9.63275901941499
-6.87190095546873
7.11045611691823
2.89529073740176
-2.47455579442337
-6.18152609527394
-1.43494014041228
-0.359558779362875
-7.58776773405675
1.79014969390118
-5.47624640494648
-2.30761751261178
1.65972765495348
-4.96387755055374
-4.19118671446041
2.34181768786447
-4.69438180379941
6.4875253337767
9.65326799443901
4.60497584535195
-3.12245991770034
1.68138666556904
-7.84461969512514
8.12616301299466
7.5930744896381
6.35521118741284
-4.78544001889071
1.88712501328662
-9.54974814519536
-1.4948135957173
-3.74562226358769
-6.770305113765
-6.42467626495264
-1.54228621799831
-8.11541322224531
1.97047337513482
-0.581514872833321
3.91898626603216
3.99775699856583
2.77061516543676
-9.32792327867141
-8.62387801763898
-3.60800529639008
0.61728561388253
3.08891415514133
-1.84761605917695
6.39962445563881
4.36717886411767
9.37298660462187
0.62667813131349
-3.4970863635888
-7.88741593341956
2.21917317492401
5.57604483648185
-1.53094162074524
-8.18353428425121
-4.67057018441855
-6.92686564817387
-4.37989394932258
-1.19829721996558
0.542854835213046
-0.851512686246521
7.5074319720837
0.361042167222083
8.87245249096776
2.75418196144348
9.15387879683167
-5.1858592903968
3.52244607727504
-4.21870856651046
3.4361633082843
3.90280999103474
-8.64014463059979
-4.90419686805989
-5.51919938351563
3.35665454027433
6.88784313054409
-3.11075177397916
5.61039305462716
3.50664131493999
-9.86569371363045
2.04340975163591
-2.26457610958031
8.31982488262851
-9.97697885741785
-0.751016815153427
-1.5130192036925
-0.781672679420719
5.40319457217219
-3.55056385626443
5.69478589521483
-0.572856925787768
-9.28474533461764
-6.48251168632938
4.43516066782205
-0.530280140693593
-6.94557599123536
-3.17750785901781
2.14778427536695
-6.16509489076404
4.76853679953883
-5.14300803363662
8.34848684098765
-4.61876826627963
5.31000033242877
-6.22676046417018
-4.25003653867738
-8.1777307262693
1.52418761326014
3.66726486589306
0.931862291806455
-1.48542316257624
2.88885562862673
2.95235260345369
3.58033508186404
2.71573421028167
8.90348226218803
-5.82130155147954
4.1856340542109
-5.27538846012407
-7.61207504405389
2.14607881371269
-0.99724606068208
-0.825490127022643
3.23889503811304
5.4057102960732
-2.9956397311779
3.24019196718269
-1.67682820060407
6.83858305382618
6.65833638150432
-4.87118015541705
2.26921473625751
1.64498329054454
0.814786742488193
7.39882064716015
-4.7044194704874
-3.63851849037882
-7.61570917891618
8.79658940689841
2.91103749945047
-0.410735501022243
2.78633922080217
0.894322210535258
2.94622960586255
0.87771867999278
4.42093241159623
0.449906115542042
9.87409248241704
-5.62646735200732
-7.88403453499544
-7.80605070953612
-8.72817258049789
-1.90840008284748
-1.03254175867009
-2.68367646323657
5.27009281697627
2.55792759228338
5.4396077110849
8.65707140557639
9.45481708006028
-6.1594330114445
-7.22251594341689
3.9253267416599
-8.12359946450269
0.508088077186715
0.606884367857267
7.22279622786665
-0.302933328957963
-2.13087277569467
3.42862279348052
4.82515886908413
0.401049347807735
-3.0457465744495
-7.00005492336634
1.72184134462924
-4.75709364544385
-9.11091815443523
5.09866534462358
-5.14429284358076
-1.15195373996113
3.75592170240214
-2.81543579196279
4.72680148602404
-2.10585049442474
3.66831733935957
4.08094860668532
-1.15389173233258
-9.60844752893363
-3.38284239571858
-1.51381006333725
-4.59459153135869
-6.05892403809088
6.4344236992262
-1.40157181233467
7.75541908512708
-2.17634009077673
5.38228774776591
-2.06416965972767
6.1702819177469
5.10154198014167
-2.45208910329794
-5.67962168077211
5.80814435933827
8.98607823699594
-3.4486913184959
3.4252874090348
-1.22710034826089
6.6700119117795
5.3770850485923
-6.65492909010557
7.23960957404145
9.79744307263008
0.288469130114088
7.68562046253911
1.76052110616995
-6.90495302687911
-6.00274354285096
-1.86090325722186
4.97411436431383
6.51167631572311
5.79926059889062
-3.62951509202016
0.681282547414527
-8.20098642458838
-7.76588511613593
-7.27414902123403
3.57304609600376
-0.0964596182067883
-6.2057918796484
-0.0998835001955829
-7.04783556046623
-8.90051706187624
7.01425348578015
1.2111905470977
8.59217733513326
3.93334401110455
1.6558193035168
6.30794422954842
7.58027809194355
9.77823232159178
-9.9895524928611
7.30877182026049
2.25132938967997
9.79900411417662
0.553601386768847
-0.409532295795625
6.02695211043904
-5.44314128587916
-0.0381141760722059
8.0170497706401
1.49322438260375
6.90356370108073
4.77280583990804
1.71974071652952
-5.0653094802805
3.32832434638936
-8.33034372794755
2.51919570343166
3.21889115894685
4.59503710634442
7.81504232650644
9.64606445767213
5.38058170671792
1.62892975750795
8.56626124628376
1.60180731516883
-9.66034123325477
-7.58280857802884
7.25421437399339
-0.31406977575795
6.89711349152526
-5.81189831958131
1.0458268307755
2.59766770128842
-9.36017968474866
2.29426838234281
-2.75177075453895
-9.00934841915878
-0.208600216453565
-6.14979207875851
-7.5383250490811
-5.8901165818464
-7.0697017877022
-6.21855651054772
-9.14695178177713
2.70395833719764
-4.3626628823914
0.771933560906808
3.90326078888664
-0.0176797303482097
0.716021115022265
-1.09633669407915
-7.5213544480386
-0.192854130639637
7.05996310681633
7.47854811723467
-4.59411335414605
-5.83077282497372
1.29959141476402
2.80623650325516
-1.65942096714228
-5.88048968935513
8.95866242586337
-8.35857585804548
-7.88581146836557
-7.15917756192004
-6.67079118247158
2.41917287870617
1.47419529682396
-8.95844219428261
8.62402769216499
4.57323363356542
4.7568330759518
-8.73190998614364
7.20881126076464
8.68810237922427
9.68796624481943
7.17877633367732
5.71117978530061
0.267548371751499
-6.4479507898827
-2.02821006528314
-7.32137498024058
-9.38220902510097
8.78283412139096
-3.97387870827216
-4.08932331049287
-3.34127436327649
-0.658636259422952
2.96396812932314
-9.49543637013927
6.84413224838669
1.1806508997739
7.08199898546886
-3.04241611345478
-1.07946703889794
-8.91521031117741
-6.45784932421782
3.25616123921949
-3.38342009593391
7.96972275668599
-7.63689603106579
9.76835857569961
0.799641980758583
4.13834838645526
9.98983240195409
-4.24301310369725
-1.70954922213783
-0.703201167497253
5.27914156983913
6.36408077815341
-7.99556919609017
-6.43766092226467
-2.80730173035839
-8.86590621863418
0.437713473225585
-3.28302050646151
-6.48661940648678
-5.82106652013729
8.10307118008928
3.50782354672494
-0.630636001920053
8.24264948479246
-7.91976850441243
4.91092147403435
4.72534911193277
1.23722850563275
-6.31611804968947
1.9442270067571
-4.00126019820422
-7.31754134342635
-5.74796933282314
7.89883350881629
-8.57094374425911
-5.15026882126561
-8.92491215582572
-1.16555885871152
-9.73433599065495
7.94382701947144
-6.06683617264736
-8.13258966489814
-3.8526620082416
-0.87884666312517
-7.9666121275049
9.90779455310183
-3.35814333095002
-4.05306368224157
-8.75909557360735
-4.03512056224472
-9.07297470203638
0.108562849154058
5.22851773380227
2.62139998427187
-8.20216698447816
-8.38275153739373
5.54481073097886
8.10269488447142
0.675439035340004
-7.81691575915083
6.51617715711197
-3.23804562395656
-4.12053893947032
4.92626855407359
-9.79326763313207
-9.03105321493556
3.35832243147247
2.06935967661539
0.522049315911223
4.59418896446455
4.14506970630843
5.62754103598554
-4.24046048771658
3.85063972773038
1.13339669928025
-2.06958414836815
-8.76818665892071
5.60351062982347
-3.2483227189591
2.15731814525892
4.82508099004436
-7.90373516053001
-7.4422324043401
0.990802140303959
-0.295411828300814
7.80951358368877
5.97920557625759
4.6868216739194
-8.97336227775258
-8.54229401802048
-8.22945080650559
5.96701728227905
8.86016279141406
3.67431144816716
-7.35834088572874
4.45449079313532
-7.79293038715303
-7.65014295696334
2.81435845931851
-3.42371570486395
3.07624045191547
4.98262926207038
1.66371462909752
4.80064655975555
-5.30346170504191
4.69915083392104
9.41197050173229
7.33860583503832
-8.27530940273007
-2.67126767361602
-2.61602391339964
3.70056945323219
1.95883270767778
5.78727887283811
-2.64694163124246
-5.87944280989611
-8.26666905208936
5.43867834198215
-5.8865095707048
-2.23456737904397
1.03557063914455
-5.420934959538
2.83881240798375
-0.310392552036392
-6.96308949767467
5.63863933176004
-7.98787355275157
-4.11867332482743
-5.25253960588842
0.617445140558567
-8.17002537321176
-1.89369160238817
-7.90307505768487
-7.75432075687947
5.68855781487825
-4.16859364186138
2.07066877501774
9.28845334431803
-1.35030012059278
3.8950438923588
5.16198550578908
-1.34715347705799
3.10996079607075
-7.80489898553897
8.67519696770665
-6.25078387156627
-4.67642322184722
5.95660520423194
-0.247924491321527
5.37916528117738
-2.0798650956425
-4.54122411752619
-9.25530731859344
3.46589828217306
-1.40871081496294
-0.965215301905289
2.19714338580432
-8.81193406283446
-3.68377123322268
5.45444261725869
3.9286597801219
-7.4933563778164
-7.39697099221153
-8.15295322561597
-9.8435941286133
-1.53781229671667
3.11146349875829
4.45845049384049
0.624185871648775
-7.82364123453909
2.63532747056978
-7.47000269341394
-7.31393391372851
-8.02811814578005
-7.15945503136143
-6.63497403016945
-6.07502155486089
-3.65040449701129
-3.67142001707418
-5.64873381154359
-4.97916307968528
7.85844810571954
4.06446449112582
1.11475885438773
-6.31132664484694
-5.75938314935359
-8.45306383774646
8.27600821559136
4.13430435393861
1.15577933509752
-3.73142020126817
-6.67592874195699
2.4499451855979
9.75869469904991
-6.59135953886233
-4.84415498855974
-2.06401362733713
-8.52010460846124
3.68192133924018
-1.95223334607676
9.65670402787902
-1.95632029555031
2.41343894399157
-6.91260389041455
-2.37309591111056
-6.77732056301278
5.16224862654837
7.42222243830778
-2.98446510228215
3.71071417495074
-4.11702732464301
0.612586077137712
6.64846772570368
1.94980383745159
-3.29377338589508
-4.01549953333787
-0.948149168613519
-1.54708693559075
-2.80787364055529
1.16638399738594
4.85090731403878
-1.51330432748619
-1.4128842284759
-7.50254482560374
-9.51131967899252
-4.19629469738546
-3.64958834201547
3.0738026793295
9.13871848141368
8.71461745569761
-0.842273322912664
-5.19043206335831
5.27795888572957
5.18654766262193
4.81296129957228
4.87376682974652
-7.88159166534469
3.63120860940631
-0.734788428125617
-5.75673589490131
-8.02962524623783
6.47148947855677
-6.49980525235841
-6.72860180430014
3.31974432822221
7.88778750708486
0.331164167025408
4.05404613900951
-6.928192467612
9.06914139772496
0.817681624829529
3.59467796420934
-9.26873963903094
6.18407702587587
4.97237743552394
-7.59625964025839
0.500903295252176
-3.48332742473502
0.92898879806137
-2.02238495233602
-1.69813226773907
-6.38524479490411
-4.89226519023898
-9.58928450683631
8.47351225240815
3.07399778016506
8.65227144097128
-6.72975262944949
8.42194511784395
5.89315770777506
1.54788393413297
-1.19928808479493
-4.84772526575125
5.038927877349
-5.42661035788997
-8.71625825216203
5.34659021553149
3.42404370713071
4.3042502957168
2.84121656867704
-1.61903412750234
-2.18475835591651
6.32280205750645
-3.65144272688301
6.29079545801303
5.78147029877917
7.04527780687691
0.112732351435124
2.71322777722754
9.0178883075627
-1.12071689962379
-8.79962360441048
7.33499793998637
